AACC,20100623,4.7,4.81,4.61,4.71,4.71,109557
AAME,20100623,1.48,1.48,1.48,1.48,1.48,300
AAON,20100623,24.16,24.44,23.78,24,24,41935
AAPL,20100623,274.58,274.66,267.9,270.97,270.97,27444819
AATI,20100623,3.41,3.46,3.36,3.37,3.37,110935
AAWW,20100623,51.02,52.19,50.62,51.3,51.3,142014
AAXJ,20100623,55.94,55.94,54.3,54.64,54.64,1714268
AAZST,20100623,77.88,0,0,0,0,1000
ABAT,20100623,3.49,3.53,3.36,3.46,3.46,242942
ABAX,20100623,21.92,22.09,21.25,21.4,21.4,198037
ABBC,20100623,8.99,9,8.83,8.86,8.86,47755
ABCB,20100623,9.96,10.12,9.95,9.96,9.96,60860
ABCD,20100623,4.63,4.67,4.31,4.44,4.44,79759
ABCO,20100623,41.77,42.61,41,42.05,42.05,47767
ABCW,20100623,0.67,0.681,0.64,0.64,0.64,41705
ABFS,20100623,19.87,20.8,19.87,20.49,20.49,594901
ABII,20100623,60.68,61.41,59.9,61.14,61.14,69289
ABIO,20100623,4.03,4.07,3.79,3.83,3.83,103373
ABMD,20100623,9.53,9.63,9.4,9.45,9.45,110491
ABTL,20100623,1.17,1.18,1.12,1.15,1.15,125445
ABVA,20100623,2.62,2.62,2.499,2.6,2.6,9124
ACAD,20100623,1.24,1.2519,1.22,1.23,1.23,90607
ACAP,20100623,31.51,31.91,31.5,31.64,31.64,40438
ACAS,20100623,5.7,5.75,5.48,5.53,5.53,5743122
ACAT,20100623,8.97,9.27,8.53,9.1,9.1,59268
ACCL,20100623,6.8,6.94,6.7399,6.81,6.81,398774
ACET,20100623,6.64,6.83,6.57,6.59,6.59,71275
ACFC,20100623,3.06,3.06,2.9,2.9,2.9,8964
ACFN,20100623,5.11,5.34,5.03,5.23,5.23,33995
ACGL,20100623,76.85,77.11,75.55,76.49,76.49,241302
ACGY,20100623,16.92,16.92,16.46,16.7,16.7,222176
ACHN,20100623,2.25,2.29,2.22,2.25,2.25,46442
ACIW,20100623,19.61,19.77,19.26,19.53,19.53,115602
ACLI,20100623,21.47,22.82,21.47,22.54,22.54,99918
ACLS,20100623,1.94,1.94,1.77,1.81,1.81,935533
ACMR,20100623,2.31,2.37,2.24,2.31,2.31,58068
ACOM,20100623,17.79,18,17.36,17.81,17.81,353422
ACOR,20100623,32.3,32.66,31.73,32.52,32.52,595736
ACPW,20100623,0.86,0.86,0.83,0.84,0.84,80736
ACTG,20100623,15.26,15.55,14.761,15.29,15.29,170246
ACTI,20100623,2.18,2.26,2.18,2.19,2.19,159679
ACTL,20100623,13.55,13.89,13.48,13.55,13.55,71079
ACTS,20100623,2.18,2.2,2.12,2.19,2.19,56340
ACTU,20100623,4.58,4.63,4.53,4.57,4.57,119631
ACUR,20100623,2.98,3.04,2.76,3.03,3.03,42087
ACWI,20100623,40.13,40.15,39.57,39.93,39.93,753248
ACWX,20100623,37.41,37.55,36.99,37.29,37.29,47291
ACXM,20100623,15.14,15.97,14.92,15.17,15.17,582724
ADAM,20100623,3.39,3.43,3.18,3.31,3.31,31641
ADAT,20100623,0.67,0.7,0.63,0.64,0.64,29907
ADBE,20100623,32.35,32.42,30.18,30.38,30.38,35851764
ADCT,20100623,7.81,7.97,7.72,7.75,7.75,1731324
ADEP,20100623,5.02,5.21,4.75,4.78,4.78,15750
ADES,20100623,5.65,5.65,5.3301,5.55,5.55,4333
ADGF,20100623,4.18,4.18,4,4,4,4425
ADLR,20100623,1.27,1.295,1.21,1.22,1.22,241190
ADP,20100623,41.06,41.38,40.84,41.06,41.06,3749935
ADPI,20100623,12,12.21,11.82,11.84,11.84,62637
ADPT,20100623,3.07,3.07,3,3.02,3.02,728755
ADRA,20100623,24.31,24.31,23.9884,24.142,24.142,4550
ADRD,20100623,18.3999,18.4191,18.23,18.3901,18.3901,8948
ADRE,20100623,41.45,41.8,41.09,41.64,41.64,66970
ADRU,20100623,18.06,18.06,17.9699,18.04,18.04,4129
ADSK,20100623,28.3,28.32,27.51,27.83,27.83,7103692
ADTN,20100623,27.59,28.15,27.1527,27.86,27.86,590258
ADUS,20100623,5.66,5.81,5.57,5.61,5.61,5750
ADVS,20100623,47.38,48.19,47.11,47.69,47.69,112831
AEHR,20100623,2.26,2.36,2.25,2.26,2.26,4608
AEIS,20100623,14.2,14.27,13.83,13.98,13.98,232273
AEPI,20100623,25.77,26.14,25.19,25.47,25.47,35351
AERG,20100623,1.35,1.37,1.28,1.29,1.29,811099
AETI,20100623,2.1,2.1,2.1,2.1,2.1,0
AEY,20100623,3,3,2.88,2.88,2.88,8830
AEZS,20100623,1.15,1.23,1.11,1.2,1.2,2063093
AFAM,20100623,36.63,36.63,35.5,35.86,35.86,67830
AFCB,20100623,10.84,10.84,10.84,10.84,10.84,0
AFCE,20100623,8.9,9.15,8.9,9.03,9.03,44027
AFFM,20100623,4.27,4.27,4.2,4.25,4.25,14954
AFFX,20100623,6.25,6.31,6.1,6.25,6.25,925666
AFFY,20100623,7.5,7.82,7.23,7.26,7.26,4470154
AFOP,20100623,1.45,1.47,1.44,1.47,1.47,41931
AFSI,20100623,13.04,13.2,12.81,12.97,12.97,136802
AGAM,20100623,12.5,12.5,12.27,12.34,12.34,230622
AGEN,20100623,0.87,0.93,0.85,0.85,0.85,398825
AGII,20100623,32.53,32.94,32.22,32.26,32.26,87913
AGNC,20100623,28.5,28.56,28.24,28.42,28.42,1059174
AGYS,20100623,7.09,7.35,7.02,7.33,7.33,98649
AHCI,20100623,2.55,2.59,2.5,2.53,2.53,72669
AHGP,20100623,35,35,34.66,34.92,34.92,7808
AHII,20100623,2.5,2.51,2.5,2.51,2.51,8457
AHPI,20100623,3.59,3.66,3.59,3.61,3.61,825
AIMC,20100623,14,14,13.65,13.77,13.77,231044
AINV,20100623,10.1,10.25,9.96,10.01,10.01,2045739
AIPC,20100623,52.7,52.73,52.66,52.66,52.66,1826620
AIRM,20100623,31.97,32.15,31.59,31.7,31.7,41915
AIRT,20100623,11.05,11.26,11,11.11,11.11,4436
AIXG,20100623,26.98,27.33,26.41,27.05,27.05,401625
AJZST,20100623,543.9,0,0,0,0,100
AKAM,20100623,44.44,45.55,43.37,45.3,45.3,4739734
AKNS,20100623,0.75,0.75,0.6902,0.7,0.7,210213
AKRX,20100623,3.08,3.15,3.05,3.07,3.07,332478
ALAN,20100623,0.2289,0.2289,0.2107,0.2107,0.2107,106700
ALCO,20100623,23.89,24.9999,23.89,24.05,24.05,8724
ALGN,20100623,14.96,14.96,14.35,14.75,14.75,779308
ALGT,20100623,44.05,44.96,43.71,43.77,43.77,148562
ALIM,20100623,9.75,10.5,9.7,9.7,9.7,61593
ALKS,20100623,12.32,12.53,12.06,12.46,12.46,612903
ALLB,20100623,8.3,8.3,8.3,8.3,8.3,1997
ALLT,20100623,4.89,5.05,4.8,4.85,4.85,30217
ALNC,20100623,27.28,27.97,27.01,27.74,27.74,6922
ALNY,20100623,15.25,15.52,15.17,15.34,15.34,133020
ALOG,20100623,46,46.41,45.71,46.1,46.1,35709
ALOT,20100623,7.33,7.34,7.2,7.25,7.25,5249
ALOY,20100623,8.59,8.7,8.52,8.59,8.59,6600
ALRN,20100623,1.16,1.39,0.83,0.91,0.91,771621
ALSK,20100623,8.995,9.17,8.98,9.13,9.13,402765
ALTE,20100623,19.57,19.81,19.5,19.52,19.52,241523
ALTH,20100623,6.31,6.41,6.28,6.4,6.4,617968
ALTI,20100623,0.43,0.45,0.417,0.44,0.44,271771
ALTR,20100623,25.45,26.23,25.275,25.94,25.94,8427968
ALVR,20100623,2.3,2.3,2.19,2.2,2.2,438145
ALXA,20100623,2.85,2.99,2.82,2.86,2.86,159391
ALXN,20100623,53.56,54.23,53.41,53.89,53.89,312638
AMAC,20100623,5.65,5.7,5.65,5.69,5.69,1194
AMAG,20100623,34.6,35.15,34.28,34.7,34.7,97496
AMAT,20100623,13.13,13.3,12.9,13.12,13.12,17536960
AMCC,20100623,11.32,11.62,11.18,11.34,11.34,1097249
AMCF,20100623,4.63,4.63,4.48,4.48,4.48,20071
AMCN,20100623,3.92,3.92,3.7,3.73,3.73,73627
AMED,20100623,45.41,46.28,44.3,44.43,44.43,250186
AMGN,20100623,55.76,56.64,55.37,56.2,56.2,5859152
AMIC,20100623,5.1,5.15,5.1,5.15,5.15,200
AMIE,20100623,0.49,0.4905,0.48,0.48,0.48,47420
AMIN,20100623,1.08,1.08,1.08,1.08,1.08,978
AMKR,20100623,6.41,6.49,6.25,6.34,6.34,2559023
AMLN,20100623,18.5,19.05,18.2,18.63,18.63,2237078
AMMD,20100623,22.84,22.86,22.2915,22.5,22.5,1114098
AMNB,20100623,20.14,20.9,20.14,20.65,20.65,9868
AMOT,20100623,4.275,4.4,4.25,4.32,4.32,4106
AMOV,20100623,49.8,51.03,49.8,51.03,51.03,2366
AMPH,20100623,24.11,24.11,23.76,23.98,23.98,12619
AMPL,20100623,1.63,1.65,1.57,1.62,1.62,85724
AMRB,20100623,7.6,7.6,7.6,7.6,7.6,100
AMRI,20100623,5.54,5.58,5.36,5.5,5.5,92332
AMRN,20100623,2.53,2.59,2.51,2.58,2.58,47862
AMSC,20100623,30.44,31.1999,29.48,30.3,30.3,510765
AMSF,20100623,18.55,18.87,18.5,18.81,18.81,206881
AMSG,20100623,18.64,18.82,18.4,18.63,18.63,104053
AMSWA,20100623,5.21,5.33,5.13,5.16,5.16,78829
AMTD,20100623,16.61,16.88,16.58,16.72,16.72,4841136
AMWD,20100623,20.42,20.42,19.86,20.14,20.14,18552
AMZN,20100623,122.11,123.22,120.04,121.45,121.45,5455131
ANAD,20100623,4.56,4.71,4.4313,4.57,4.57,307532
ANAT,20100623,90.16,90.94,88.06,89.08,89.08,47236
ANCI,20100623,1.75,1.84,1.73,1.73,1.73,58236
ANCX,20100623,6.07,6.07,5.82,5.97,5.97,8180
ANDE,20100623,34.33,35.23,34.06,35,35,116942
ANDS,20100623,2.35,2.35,2.26,2.26,2.26,97301
ANEN,20100623,14.91,15.24,14.88,15.05,15.05,14525
ANGN,20100623,4.15,4.28,4.01,4.27,4.27,7624
ANGO,20100623,14.64,14.71,14.35,14.57,14.57,74601
ANIK,20100623,5.99,6.1,5.95,6.03,6.03,17324
ANLY,20100623,2.5,2.6615,2.47,2.47,2.47,5572
ANNB,20100623,4.15,4.24,4.15,4.15,4.15,665
ANPI,20100623,0.89,0.89,0.84,0.8499,0.8499,57683
ANSS,20100623,43.49,43.81,42.9,43.16,43.16,439760
ANSW,20100623,7.67,7.76,7.48,7.5299,7.5299,4756
ANTH,20100623,6.05,6.58,5.81,5.98,5.98,43378
ANTP,20100623,3.29,3.29,3.29,3.29,3.29,600
AONE,20100623,8.83,9.46,8.61,9.35,9.35,4340666
AOSL,20100623,14.66,15.04,14.51,14.73,14.73,86083
APAC,20100623,5.93,5.95,5.57,5.68,5.68,272682
APAGF,20100623,22.68,22.79,21.88,22.59,22.59,11622
APCVZ,20100623,0.14,0.1519,0.14,0.14,0.14,2267705
APEI,20100623,46.27,46.455,45.22,45.39,45.39,133792
APFC,20100623,5.39,5.41,5.26,5.41,5.41,4246
APKT,20100623,29.11,29.59,28,29.33,29.33,893561
APOG,20100623,11.83,12.25,11.0801,11.72,11.72,1149691
APOL,20100623,46.6,47.06,46,46.33,46.33,3117302
APPA,20100623,0.74,0.74,0.7,0.71,0.71,46182
APPY,20100623,1.1,1.23,1.1,1.18,1.18,412492
APSG,20100623,18.31,18.36,18.1,18.22,18.22,40552
APWR,20100623,8.17,8.28,7.88,8.11,8.11,736706
ARAY,20100623,7.07,7.14,6.74,6.96,6.96,353236
ARBA,20100623,16.28,16.76,16.08,16.59,16.59,890325
ARBXD,20100623,8.96,8.96,7.67,7.93,7.93,8431
ARCC,20100623,13.36,13.6,13.2,13.43,13.43,1727652
ARCI,20100623,3.16,3.16,3.16,3.16,3.16,0
ARCL,20100623,12.12,12.51,11.86,12.4,12.4,95562
ARCW,20100623,2.76,2.76,2.76,2.76,2.76,0
ARDNA,20100623,89.4,89.4,88.29,89.05,89.05,908
AREX,20100623,7.68,8.08,7.4101,7.91,7.91,77982
ARGN,20100623,7.4,7.47,6.93,6.99,6.99,410543
ARIA,20100623,3.26,3.26,3.14,3.16,3.16,794363
ARII,20100623,13.82,13.91,13.36,13.62,13.62,58569
ARKR,20100623,13.69,13.69,13.45,13.45,13.45,4106
ARLP,20100623,47,47.2,46.217,46.44,46.44,51550
ARMH,20100623,12.8,12.95,12.57,12.83,12.83,1643059
ARNA,20100623,3.05,3.46,3.01,3.23,3.23,11341281
AROW,20100623,24.56,24.81,24.56,24.63,24.63,5400
ARQL,20100623,4.9,5.04,4.76,4.95,4.95,285661
ARRS,20100623,10.71,10.83,10.52,10.72,10.72,1052226
ARRY,20100623,3.31,3.43,3.3,3.39,3.39,158989
ARSD,20100623,2.59,2.59,2.59,2.59,2.59,100
ARST,20100623,23.9,23.99,23.56,23.82,23.82,294527
ARTC,20100623,30.9,31.6,30,31.27,31.27,92819
ARTG,20100623,3.88,3.88,3.745,3.83,3.83,752077
ARTNA,20100623,17.39,17.47,17.19,17.45,17.45,9307
ARTW,20100623,5.415,5.51,5.4,5.5,5.5,794
ARTX,20100623,1.73,1.73,1.7,1.71,1.71,2404
ARUN,20100623,15.1,15.5,14.84,15.21,15.21,1019199
ARWR,20100623,1.27,1.29,1.24,1.25,1.25,515596
ARYX,20100623,0.47,0.5,0.47,0.49,0.49,72466
ASBC,20100623,13.29,13.29,12.85,12.87,12.87,2193773
ASBI,20100623,3.91,4.018,3.91,4.018,4.018,500
ASCA,20100623,16.45,16.81,16.18,16.47,16.47,174814
ASCMA,20100623,25.33,25.61,25.19,25.39,25.39,19779
ASEI,20100623,71.65,72.53,71.56,72.22,72.22,62026
ASFI,20100623,8.81,9.21,8.5,9.15,9.15,104535
ASFN,20100623,1.35,1.464,1.35,1.44,1.44,8248
ASGN,20100623,5.25,5.25,5.06,5.15,5.15,303811
ASGR,20100623,16.16,16.35,15.78,16.26,16.26,16433
ASIA,20100623,23.31,23.43,22.95,23.14,23.14,910239
ASMI,20100623,21.51,21.76,21.22,21.75,21.75,30677
ASML,20100623,30.33,30.571,29.72,30.1,30.1,2854784
ASPS,20100623,26.34,26.51,25.55,25.9,25.9,168548
ASRV,20100623,1.7282,1.7282,1.68,1.68,1.68,4681
ASRVP,20100623,21.41,21.41,21.4,21.4,21.4,500
ASTC,20100623,1.39,1.44,1.38,1.39,1.39,90584
ASTE,20100623,30.34,30.86,29.28,29.88,29.88,121506
ASTI,20100623,3,3,2.81,2.86,2.86,127174
ASTIZ,20100623,0.4,0.4,0.34,0.34,0.34,3200
ASTM,20100623,1.45,1.5,1.43,1.49,1.49,89821
ASUR,20100623,2.26,0,0,0,0,0
ASYS,20100623,8.95,8.95,8.65,8.86,8.86,19828
ATAC,20100623,17.16,17.435,16.56,16.94,16.94,73393
ATAI,20100623,3.16,0,0,0,0,160
ATAX,20100623,5.5,5.532,5.46,5.47,5.47,60041
ATBC,20100623,2.03,2.035,1.96,1.99,1.99,8191
ATEA,20100623,2.55,2.59,2.52,2.59,2.59,3400
ATEC,20100623,5,5.042,4.86,5,5,162444
ATHN,20100623,23.58,23.59,22.98,23.03,23.03,600795
ATHR,20100623,31.1,31.11,30.14,30.8,30.8,1643742
ATHX,20100623,3.1529,3.18,3.14,3.14,3.14,13754
ATLO,20100623,19.51,19.98,19.255,19.98,19.98,7609
ATLS,20100623,30.75,31.18,30.12,30.7,30.7,1103953
ATMI,20100623,15.8,15.86,15.51,15.56,15.56,186160
ATML,20100623,5.07,5.2425,5.01,5.15,5.15,6364323
ATNI,20100623,42.21,42.685,41.92,42.02,42.02,21116
ATPG,20100623,11.56,11.6,10.68,10.79,10.79,3720183
ATRC,20100623,6.08,6.08,6,6.06,6.06,16454
ATRI,20100623,129.765,132.185,129.65,130.162,130.162,2864
ATRM,20100623,2.91,3.09,2.84,3.09,3.09,12431
ATRN,20100623,0.92,0.92,0.91,0.91,0.91,15800
ATRO,20100623,16.78,17.17,16.28,16.96,16.96,11426
ATSG,20100623,5.29,5.29,4.97,5.05,5.05,272414
ATSI,20100623,3.96,3.97,3.96,3.96,3.96,103167
ATVI,20100623,11.17,11.26,11.09,11.21,11.21,11675483
ATX,20100623,4.7,4.77,4.7,4.73,4.73,2632
AUBN,20100623,18.88,19,18.33,19,19,3439
AUDC,20100623,2.7,2.73,2.67,2.72,2.72,70890
AUTC,20100623,28.36,29.8,27.6,29.13,29.13,23188
AUTH,20100623,2.74,2.74,2.65,2.66,2.66,43759
AUXL,20100623,25.37,25.37,24.58,24.6,24.6,1109381
AVAV,20100623,24,24.03,22.77,23.42,23.42,618463
AVCA,20100623,5.25,5.26,5.2,5.25,5.25,12865
AVEO,20100623,6.94,8.25,6.9,7.87,7.87,99716
AVGO,20100623,22.5,22.7,21.51,22.54,22.54,1144085
AVID,20100623,13.07,13.43,12.97,13.19,13.19,76027
AVII,20100623,1.67,1.72,1.66,1.66,1.66,661126
AVNR,20100623,2.67,2.73,2.6,2.69,2.69,1946741
AVNW,20100623,3.74,3.82,3.7,3.8,3.8,975114
AVTR,20100623,20.09,20.72,19.78,20.4,20.4,32883
AWRE,20100623,2.4,2.45,2.35,2.45,2.45,11991
AXAS,20100623,2.73,2.82,2.65,2.77,2.77,483844
AXFN,20100623,21.61,21.61,21.61,21.61,21.61,100
AXTI,20100623,4.77,4.77,4.41,4.61,4.61,316228
AZPN,20100623,11.52,11.7,11.31,11.62,11.62,158133
BABY,20100623,16.94,16.98,16.58,16.61,16.61,67669
BAGL,20100623,11.19,11.39,11.18,11.34,11.34,18531
BAMM,20100623,6.51,6.53,6.26,6.35,6.35,74543
BANF,20100623,37.14,37.61,37.07,37.22,37.22,20701
BANFP,20100623,26,26,26,26,26,1000
BANR,20100623,2.41,2.5,2.25,2.26,2.26,1101613
BARI,20100623,26.52,27,26.23,26.69,26.69,13502
BASI,20100623,0.96,0.96,0.93,0.95,0.95,5300
BBBB,20100623,40.8,41.19,40.24,40.65,40.65,282263
BBBY,20100623,40.31,41.9,40.31,41.46,41.46,5723410
BBEP,20100623,15.05,15.05,14.76,14.9,14.9,103352
BBGI,20100623,6.51,6.69,6.33,6.35,6.35,57368
BBND,20100623,2.89,3.02,2.89,2.9,2.9,236003
BBNK,20100623,9.52,9.56,9.1,9.38,9.38,14167
BBOX,20100623,28.78,29.03,28.15,28.52,28.52,56859
BBSI,20100623,12.96,13.13,12.86,12.95,12.95,20983
BBXT,20100623,10.4,10.88,10.37,10.4,10.4,1471
BCAR,20100623,3.48,3.49,3.37,3.37,3.37,1102
BCBP,20100623,7.98,8.04,7.97,7.97,7.97,700
BCOM,20100623,27.35,0,0,0,0,0
BCON,20100623,0.311,0.32,0.311,0.3187,0.3187,400562
BCPC,20100623,24.89,25.07,24.71,24.79,24.79,61883
BCRX,20100623,5.99,6.1,5.79,5.96,5.96,657471
BCSB,20100623,10.25,10.27,9.5,9.61,9.61,1610
BCSI,20100623,22.12,22.47,21.77,22,22,428380
BDCO,20100623,0.65,0.65,0.49,0.49,0.49,979817
BDE,20100623,6.53,6.57,6.31,6.5,6.5,51675
BDGE,20100623,22.195,22.21,21.85,21.95,21.95,12233
BDMS,20100623,16.73,0,0,0,0,0
BDSI,20100623,2.75,2.75,2.7,2.71,2.71,53747
BEAT,20100623,7.02,7.15,6.9,6.94,6.94,257979
BEAV,20100623,26.89,27.58,26.24,27.08,27.08,763806
BEBE,20100623,6.57,6.81,6.47,6.63,6.63,1085075
BECN,20100623,18,18.59,17.87,18.42,18.42,904256
BELFA,20100623,17.96,17.96,17.96,17.96,17.96,0
BELFB,20100623,18.59,18.81,18.3,18.56,18.56,12587
BELM,20100623,6.97,6.98,6.97,6.97,6.97,173086
BERK,20100623,5.13,5.13,4.75,5,5,6050
BEST,20100623,1.13,1.14,1.13,1.14,1.14,58716
BEXP,20100623,17.15,17.32,16.39,17.09,17.09,3393887
BFED,20100623,8.79,8.95,8.79,8.95,8.95,4650
BFIN,20100623,8.68,8.81,8.53,8.66,8.66,64089
BFLY,20100623,2.05,2.2,2.05,2.15,2.15,20907
BFSB,20100623,5.01,5.1,4.53,4.64,4.64,6222
BGCP,20100623,5.6,5.665,5.51,5.58,5.58,288927
BGFV,20100623,13.57,13.94,13.49,13.79,13.79,50720
BHLB,20100623,19.19,19.97,18.91,19.89,19.89,48555
BIB,20100623,45.7,45.7,45.7,45.7,45.7,0
BICK,20100623,28.32,28.675,28.32,28.675,28.675,2070
BIDU,20100623,75.93,76.62,74.25,76.19,76.19,9874110
BIDZ,20100623,1.53,1.64,1.52,1.58,1.58,7996
BIIB,20100623,49.44,49.88,49.22,49.69,49.69,1805400
BIOC,20100623,4.31,4.33,4.09,4.15,4.15,26353
BIOD,20100623,4.25,4.3,4.14,4.2,4.2,196986
BIOF,20100623,1.71,1.75,1.67,1.73,1.73,37616
BIOS,20100623,6.09,6.16,5.93,5.97,5.97,380547
BIS,20100623,73.48,73.48,73.07,73.07,73.07,1204
BITS,20100623,6.8499,6.88,6.5601,6.83,6.83,2952
BJGP,20100623,4.87,4.95,4.85,4.85,4.85,50149
BJRI,20100623,24.5,24.6,24.01,24.52,24.52,188943
BKBK,20100623,11.02,11.02,11.02,11.02,11.02,0
BKCC,20100623,10,10.11,10,10.03,10.03,708348
BKMU,20100623,6.16,6.19,6.01,6.02,6.02,63515
BKSC,20100623,10.07,10.15,10.05,10.05,10.05,1300
BKYF,20100623,15.71,16.35,15.6,15.79,15.79,19820
BLDP,20100623,1.81,1.81,1.72,1.74,1.74,455852
BLDR,20100623,2.91,2.979,2.81,2.86,2.86,228415
BLIN,20100623,1.06,1.06,1.06,1.06,1.06,1892
BLKB,20100623,21.96,22.1,21.7,21.72,21.72,133098
BLTI,20100623,1.43,1.43,1.42,1.42,1.42,24725
BLUD,20100623,19.88,19.88,19.5,19.57,19.57,219769
BMC,20100623,36.84,37.29,36.52,37.03,37.03,2138196
BMRC,20100623,31.53,32.11,31.53,31.66,31.66,4360
BMRN,20100623,20.05,20.0599,19.56,19.74,19.74,412850
BMTC,20100623,17.11,17.43,16.97,17.29,17.29,8173
BMTI,20100623,12.36,12.37,11.35,11.77,11.77,107517
BNCL,20100623,10.24,10.35,10.19,10.23,10.23,46278
BNCN,20100623,10.05,10.22,10.02,10.02,10.02,1399
BNHN,20100623,6.19,6.37,6.19,6.34,6.34,1316
BNHNA,20100623,5.65,5.83,5.5,5.77,5.77,24041
BNSO,20100623,1.09,1.09,1.01,1.01,1.01,200
BNVI,20100623,0.43,0.43,0.415,0.4199,0.4199,234861
BOBE,20100623,26.3,26.34,25.75,26.01,26.01,298865
BOCH,20100623,4.69,4.74,4.68,4.68,4.68,4531
BOFI,20100623,15.36,15.48,14.23,15.05,15.05,107390
BOKF,20100623,52.26,52.26,50.985,51.17,51.17,88662
BOLT,20100623,8.56,8.68,8.37,8.41,8.41,86078
BONT,20100623,10.44,10.82,10.14,10.4,10.4,611323
BOOM,20100623,16.03,16.56,15.82,16.25,16.25,97856
BOOT,20100623,19.9,19.9,19.28,19.29,19.29,19926
BOSC,20100623,0.91,0.98,0.91,0.98,0.98,200
BPAX,20100623,1.85,1.95,1.85,1.9,1.9,323175
BPFH,20100623,6.56,6.59,6.27,6.44,6.44,1173509
BPHX,20100623,1.4,1.42,1.35,1.35,1.35,26148
BPOP,20100623,2.96,2.98,2.83,2.89,2.89,23340910
BPOPN,20100623,17.6,17.6,17.6,17.6,17.6,0
BRCD,20100623,5.45,5.56,5.4,5.53,5.53,9650451
BRCM,20100623,35.91,36.32,35.19,35.91,35.91,8961160
BRID,20100623,16.05,16.28,15.71,16.28,16.28,28272
BRKL,20100623,9.54,9.62,9.22,9.31,9.31,641933
BRKR,20100623,13.03,13.14,12.8,13,13,662613
BRKS,20100623,8.06,8.25,7.95,8.14,8.14,401840
BRLI,20100623,22.79,23.15,22.73,23.01,23.01,353994
BRNC,20100623,4.01,4.01,3.76,3.8,3.8,258246
BSDM,20100623,1.37,1.44,1.37,1.43,1.43,21450
BSET,20100623,5.02,5.2,4.64,4.8,4.8,18398
BSFT,20100623,8.6,8.7,8.6,8.65,8.65,74458
BSMD,20100623,4.32,4.32,4.29,4.29,4.29,34621
BSPM,20100623,3,3.0499,2.91,2.95,2.95,35458
BSQR,20100623,2.17,2.58,2.16,2.53,2.53,28670
BSRR,20100623,11.91,12,11.71,11.96,11.96,9803
BSTC,20100623,22.57,22.57,21.53,21.63,21.63,11139
BTFG,20100623,4.11,4.11,3.865,4,4,21572
BTUI,20100623,5.54,5.67,5.39,5.6,5.6,4605
BUCY,20100623,50.12,51.9,49.16,51.56,51.56,3483859
BUSE,20100623,4.47,4.6,4.45,4.53,4.53,114630
BVSN,20100623,12.39,12.39,12.2,12.2,12.2,200
BWEN,20100623,2.41,2.44,2.3,2.34,2.34,990021
BWINB,20100623,23.1,23.52,22.63,23.29,23.29,7384
BWLD,20100623,37.49,38.32,37.29,38.16,38.16,252372
BWOWW,20100623,0.86,0.86,0.7601,0.85,0.85,2900
BYFC,20100623,1.9,1.9,1.9,1.9,1.9,400
CA,20100623,19.68,19.81,19.5,19.58,19.58,4272950
CAAS,20100623,19.56,20.19,18.9,19.97,19.97,321226
CABL,20100623,0.83,0.889,0.8,0.83,0.83,58678
CAC,20100623,29.14,29.43,28.66,28.8,28.8,7794
CACB,20100623,0.55,0.57,0.4651,0.54,0.54,110200
CACC,20100623,48.5,48.9,48.25,48.5,48.5,21750
CACH,20100623,5.73,5.92,5.61,5.75,5.75,87900
CADC,20100623,4.12,4.12,3.9981,4.03,4.03,45615
CADE,20100623,1.3417,1.39,1.323,1.38,1.38,3700
CADX,20100623,6.57,6.65,6.29,6.53,6.53,324988
CAEI,20100623,0.95,0.951,0.88,0.8886,0.8886,111704
CAFI,20100623,2.88,2.88,2.84,2.85,2.85,2690
CAGC,20100623,12.08,12.23,11.44,11.99,11.99,532765
CAKE,20100623,23.95,24.56,23.75,24.36,24.36,1650860
CALD,20100623,3.17,3.26,3.15,3.21,3.21,61404
CALI,20100623,3.37,3.4,3.31,3.3901,3.3901,38007
CALM,20100623,33.8,34.14,33.35,33.45,33.45,70292
CALP,20100623,4.14,4.17,4,4.12,4.12,173296
CAMP,20100623,2.28,2.3,2.23,2.23,2.23,71798
CAMT,20100623,2.43,2.43,2.32,2.4,2.4,25869
CAPS,20100623,0.69,0.72,0.69,0.7,0.7,16450
CARV,20100623,8.03,0,0,0,0,0
CASA,20100623,2.23,2.23,2.23,2.23,2.23,0
CASB,20100623,0.762,0.762,0.61,0.69,0.69,225145
CASH,20100623,30.8,30.8,30.206,30.206,30.206,480
CASM,20100623,1.67,1.85,1.67,1.85,1.85,44449
CASS,20100623,32.01,32.57,31.82,31.95,31.95,10227
CAST,20100623,6.09,6.18,5.93,6.11,6.11,290223
CASY,20100623,35.4,36,35.23,35.94,35.94,408118
CATM,20100623,12.21,12.28,11.87,12.03,12.03,178644
CATY,20100623,10.99,11.19,10.85,10.95,10.95,311333
CAVM,20100623,27.01,27.37,26.16,27.01,27.01,1077909
CAVO,20100623,3.68,3.8,3.68,3.78,3.78,4600
CBAK,20100623,1.85,1.885,1.8,1.81,1.81,300126
CBAN,20100623,7.05,7.05,6.93,6.93,6.93,524
CBEH,20100623,8.99,9.02,8.66,8.94,8.94,140751
CBEY,20100623,13.25,13.8,13.03,13.64,13.64,367899
CBIN,20100623,8.32,8.4,8.32,8.4,8.4,200
CBKN,20100623,3.15,3.3,3.09,3.3,3.3,9918
CBLI,20100623,3.6,3.6,3.45,3.46,3.46,23742
CBMX,20100623,2.44,2.59,2.41,2.41,2.41,5823
CBMXW,20100623,0.193,0.193,0.193,0.193,0.193,0
CBNJ,20100623,7.15,7.29,7.08,7.24,7.24,21392
CBNK,20100623,11.49,12.25,11.45,11.62,11.62,22640
CBOE,20100623,33,33.5,32,33.48,33.48,1029329
CBOU,20100623,9.77,10.06,9.7399,10,10,73647
CBPO,20100623,10.78,10.78,10.51,10.64,10.64,11621
CBRL,20100623,47.77,48.72,47.36,48.12,48.12,192555
CBRX,20100623,1.06,1.09,1.06,1.09,1.09,80896
CBSH,20100623,36.88,37.14,36.58,36.73,36.73,194498
CBST,20100623,20.8,21.29,20.68,21.14,21.14,601735
CCBD,20100623,1.3,1.3,1.25,1.25,1.25,3886
CCBG,20100623,13.19,13.51,13.16,13.43,13.43,16415
CCBP,20100623,18.26,19,18.26,18.9999,18.9999,2061
CCIX,20100623,6,6.13,6,6.01,6.01,24293
CCME,20100623,11.6,11.9,11.39,11.52,11.52,228600
CCMP,20100623,36.31,36.66,35.99,36.4,36.4,68276
CCNE,20100623,11.31,12.109,11.31,11.7,11.7,73114
CCOI,20100623,8.4,8.53,8.26,8.51,8.51,138464
CCPCN,20100623,13.5,13.5,13.345,13.345,13.345,2302
CCRN,20100623,8.5,8.85,8.36,8.58,8.58,55082
CCRT,20100623,4.03,4.05,3.85,3.87,3.87,28822
CCUR,20100623,5.22,5.4,5.15,5.4,5.4,9885
CDCS,20100623,7.9,8.005,7.84,7.87,7.87,34250
CDII,20100623,1.24,1.25,1.18,1.2,1.2,127492
CDNS,20100623,6.29,6.32,6.15,6.2,6.2,3770825
CDTI,20100623,1.28,1.41,1.1,1.33,1.33,12028
CDXS,20100623,10.3,10.43,9.95,9.98,9.98,41746
CDZI,20100623,11.29,12.08,11,12,12,27412
CECE,20100623,4.85,4.98,4.59,4.76,4.76,36683
CECO,20100623,25.91,26.89,25.88,26.39,26.39,2287677
CEDC,20100623,25.3,25.3,24.35,24.61,24.61,476635
CEDU,20100623,6.88,7.07,6.88,7.07,7.07,1700
CELG,20100623,54.5,55.53,54.02,55.38,55.38,3985277
CELH,20100623,1.61,1.61,1.541,1.56,1.56,13425
CELHW,20100623,0.8236,0.8236,0.6,0.65,0.65,2790
CELL,20100623,7.7,7.9,7.62,7.77,7.77,358547
CELM,20100623,6.02,6.021,5.93,5.97,5.97,72142
CENT,20100623,9.68,9.9,9.575,9.76,9.76,75317
CENTA,20100623,9.2,9.34,9.13,9.27,9.27,150561
CENX,20100623,10.48,10.52,10.05,10.4,10.4,2932377
CEPH,20100623,59.12,60.23,59.11,60.12,60.12,1494900
CERN,20100623,78,78.45,76.96,77.24,77.24,896314
CERP,20100623,3.36,3.44,3.36,3.44,3.44,25228
CERS,20100623,3.32,3.37,3.21,3.31,3.31,113685
CETV,20100623,22,22.31,21.51,21.72,21.72,634335
CEVA,20100623,11.72,12.1,11.715,11.97,11.97,40797
CFBK,20100623,1.5,1.5001,1.5,1.5001,1.5001,599
CFFC,20100623,4.3,4.3,4.3,4.3,4.3,0
CFFI,20100623,17.6,17.67,17.5,17.5,17.5,1300
CFFN,20100623,34,34.4,33.82,33.97,33.97,64561
CFK,20100623,6.33,6.37,6.3,6.34,6.34,15418
CFNB,20100623,12.12,12.3,12.02,12.13,12.13,10635
CFNL,20100623,9.18,9.24,8.89,8.91,8.91,85074
CFSG,20100623,10,10.41,9.6,9.61,9.61,170010
CGEN,20100623,3.85,3.89,3.75,3.89,3.89,67025
CGNX,20100623,19.44,19.89,19.19,19.33,19.33,112054
CGZST,20100623,1000,0,0,0,0,100
CHBT,20100623,13.89,14.06,13.5701,13.79,13.79,127897
CHCI,20100623,1.71,1.75,1.7,1.71,1.71,104202
CHCO,20100623,30.9,30.9,30,30.18,30.18,218103
CHDN,20100623,33.14,33.71,33.14,33.27,33.27,21723
CHDX,20100623,11.73,12.3,11.59,11.97,11.97,67164
CHEV,20100623,7.77,8.7,7.77,8.7,8.7,7920
CHFC,20100623,21.5,21.79,21.37,21.65,21.65,56219
CHINA,20100623,2.1,2.2,2.06,2.16,2.16,748897
CHIO,20100623,0.353,0.369,0.3343,0.3436,0.3436,291296
CHKE,20100623,17.37,17.62,17.33,17.33,17.33,30119
CHKP,20100623,31.26,31.38,30.77,30.98,30.98,2454000
CHLN,20100623,2.69,2.7,2.45,2.59,2.59,166494
CHMP,20100623,1.7,1.76,1.7,1.76,1.76,1538
CHNG,20100623,7.51,7.55,7.32,7.35,7.35,148661
CHNR,20100623,9.1651,9.69,9.165,9.69,9.69,2000
CHOP,20100623,5.99,5.99,5.71,5.76,5.76,41829
CHOPW,20100623,1.29,1.2901,1.26,1.26,1.26,14600
CHRM,20100623,7.87,8.05,7.805,8,8,40200
CHRS,20100623,3.85,3.94,3.76,3.83,3.83,997419
CHRW,20100623,57.58,57.96,57,57.46,57.46,791578
CHSCP,20100623,27.75,27.75,27.515,27.61,27.61,6118
CHSI,20100623,35.83,36.03,35.46,35.71,35.71,235883
CHTP,20100623,3.16,3.2,3.06,3.11,3.11,106932
CHUX,20100623,6.32,6.47,6.17,6.23,6.23,132804
CHYR,20100623,1.847,1.95,1.84,1.94,1.94,3403
CIDM,20100623,1.4,1.49,1.4,1.43,1.43,37184
CIEN,20100623,14.2,14.44,13.85,14.21,14.21,4384720
CIGX,20100623,1.82,1.82,1.68,1.75,1.75,993508
CIIC,20100623,1.09,1.151,1.09,1.15,1.15,14677
CIMT,20100623,1.4001,1.47,1.4,1.47,1.47,6573
CINF,20100623,27.63,27.74,27.15,27.32,27.32,1186715
CISG,20100623,27.68,27.82,27.29,27.57,27.57,259009
CITZ,20100623,5.06,5.06,4.9,4.92,4.92,25195
CIZN,20100623,18.02,18.02,17.46,17.59,17.59,14831
CJBK,20100623,7.08,7.1,7.08,7.08,7.08,14400
CJJD,20100623,3.95,3.9975,3.95,3.95,3.95,1575
CKEC,20100623,7.87,8.07,7.51,7.72,7.72,144710
CKSW,20100623,5.36,5.49,5.27,5.42,5.42,109732
CKXE,20100623,4.69,4.93,4.63,4.9,4.9,130484
CLBH,20100623,3.89,3.97,3.8801,3.97,3.97,705
CLCT,20100623,12.7087,12.99,12.7087,12.92,12.92,14361
CLDA,20100623,14.18,14.41,13.86,14.4,14.4,178275
CLDX,20100623,4.76,5.02,4.62,5,5,563144
CLFC,20100623,5.94,5.94,5.74,5.87,5.87,175310
CLFD,20100623,2.46,2.52,2.43,2.47,2.47,15305
CLMS,20100623,9.66,9.85,9.48,9.72,9.72,76454
CLMT,20100623,18,18,17.82,17.98,17.98,73092
CLNE,20100623,16.33,16.34,15.7,16.17,16.17,1229658
CLRO,20100623,3.02,3.02,3.0199,3.02,3.02,3081
CLRT,20100623,3.15,3.2,3.08,3.19,3.19,135335
CLSN,20100623,3.43,3.47,3.3001,3.45,3.45,9233
CLUB,20100623,2.61,2.7,2.41,2.43,2.43,99464
CLWR,20100623,7.41,7.87,7.27,7.81,7.81,4070385
CLWT,20100623,1.55,1.62,1.55,1.61,1.61,1100
CMCO,20100623,15.48,15.55,15.27,15.35,15.35,47793
CMCSA,20100623,18.23,18.47,18.09,18.18,18.18,16920649
CMCSK,20100623,17.23,17.49,17.112,17.18,17.18,4451128
CME,20100623,304.04,307.89,299.4,300.57,300.57,490997
CMED,20100623,10.94,11.12,10.5,11.01,11.01,206620
CMLS,20100623,3.84,3.85,3.65,3.8,3.8,624278
CMRG,20100623,3.45,3.52,3.37,3.49,3.49,241116
CMRO,20100623,2.41,2.6,2.405,2.55,2.55,2127
CMSB,20100623,9.67,9.67,9.66,9.66,9.66,1100
CMTL,20100623,30.57,30.7,30.23,30.43,30.43,162773
CNAF,20100623,16.75,16.75,16.75,16.75,16.75,0
CNBC,20100623,7.53,7.66,7.53,7.62,7.62,16555
CNBKA,20100623,22.11,22.24,21.85,22.24,22.24,20844
CNIC,20100623,2.56,2.65,2.51,2.64,2.64,5529
CNLG,20100623,1.2,1.3,1.15,1.19,1.19,48762
CNMD,20100623,19.31,19.37,18.9,19.22,19.22,57096
CNQR,20100623,44.2,44.9,43.97,44.6,44.6,375620
CNSL,20100623,17.58,17.65,17.24,17.27,17.27,176438
CNST,20100623,12.05,12.05,12.05,12.05,12.05,0
CNTF,20100623,2.85,2.93,2.76,2.77,2.77,130435
CNTY,20100623,2.17,2.19,2.14,2.14,2.14,7119
CNVO,20100623,8.88,9.19,8.7,8.94,8.94,70786
CNXT,20100623,2.3,2.36,2.27,2.35,2.35,1582835
CNYD,20100623,14.61,14.61,14.12,14.17,14.17,14802
COBK,20100623,10,10,10,10,10,0
COBR,20100623,2.16,2.27,2.16,2.27,2.27,16459
COBZ,20100623,6.69,6.88,6.66,6.72,6.72,156819
COCO,20100623,10.64,10.68,10.27,10.44,10.44,2600933
CODI,20100623,14.04,14.33,13.93,14.15,14.15,153424
COGO,20100623,6.52,6.7,6.49,6.53,6.53,225638
COGT,20100623,9.7,9.78,9.42,9.49,9.49,2452126
COHR,20100623,35.07,35.75,34.605,35.39,35.39,122165
COHU,20100623,13.13,13.65,13.13,13.52,13.52,75841
COIN,20100623,0.82,0.82,0.78,0.78,0.78,532194
COINW,20100623,0.2,0.2,0.2,0.2,0.2,3390
COINZ,20100623,0.14,0.14,0.14,0.14,0.14,720
COKE,20100623,49.9,49.9,49.0607,49.4016,49.4016,15794
COLB,20100623,20.11,20.23,19.71,19.8,19.8,196259
COLM,20100623,49.43,50.25,48.71,50.14,50.14,216838
COMV,20100623,9.36,9.61,9.19,9.46,9.46,67890
CONN,20100623,6.9,7.11,6.85,7.02,7.02,59498
COOL,20100623,0.78,0.78,0.7527,0.755,0.755,55999
CORE,20100623,27.54,27.82,27.296,27.71,27.71,96224
CORT,20100623,3.43,3.5,3.36,3.47,3.47,52685
COSI,20100623,0.84,0.8586,0.78,0.79,0.79,99581
COST,20100623,57.59,57.68,57.015,57.44,57.44,2541173
COWN,20100623,4.36,4.41,4.3,4.36,4.36,84683
CPBC,20100623,4.01,4.06,4.01,4.05,4.05,3975
CPBK,20100623,3.27,3.3,3.24,3.3,3.3,4200
CPBY,20100623,5.53,5.75,5.53,5.56,5.56,591462
CPEX,20100623,27.73,28,27.51,27.51,27.51,400
CPHC,20100623,8.42,8.582,7.6,8.43,8.43,4374
CPHD,20100623,17.47,17.68,16.78,17.56,17.56,321542
CPII,20100623,15.71,15.81,15.63,15.69,15.69,31073
CPIX,20100623,6.73,6.86,6.48,6.58,6.58,93589
CPKI,20100623,16.43,16.43,16,16.06,16.06,336622
CPLA,20100623,82.31,83.145,81.19,81.79,81.79,90200
CPLP,20100623,8.15,8.15,8.06,8.09,8.09,66435
CPNO,20100623,25.34,25.34,25.01,25.18,25.18,267764
CPRT,20100623,36.15,36.6,35.91,36.39,36.39,197410
CPRX,20100623,0.95,0.9696,0.912,0.9376,0.9376,35564
CPSI,20100623,38.07,38.14,37.25,37.47,37.47,78493
CPSL,20100623,1.54,1.57,1.52,1.56,1.56,119989
CPSS,20100623,1.29,1.3,1.25,1.26,1.26,5324
CPST,20100623,1.03,1.04,1.01,1.03,1.03,2381292
CPTS,20100623,16.48,16.67,16.35,16.53,16.53,127950
CPWM,20100623,4.38,4.42,4.27,4.31,4.31,62611
CPWR,20100623,8.41,8.57,8.32,8.43,8.43,2447207
CRA,20100623,6.84,7.01,6.78,6.82,6.82,443870
CRAI,20100623,20.47,20.89,20.02,20.77,20.77,61540
CRAY,20100623,6.14,6.14,5.81,6.01,6.01,716851
CRBC,20100623,0.879,0.92,0.87,0.9172,0.9172,2900125
CRDC,20100623,1.71,1.7399,1.66,1.67,1.67,18263
CRDN,20100623,21.19,21.49,20.82,21.4,21.4,110242
CRED,20100623,8.02,8.27,7.61,7.68,7.68,29639
CREE,20100623,66.57,67.82,65.021,66.56,66.56,2105636
CREG,20100623,3.26,3.26,3.1,3.1,3.1,8400
CRESW,20100623,0.17,0.17,0.15,0.165,0.165,5600
CRESY,20100623,12.21,12.84,11.99,12.83,12.83,246973
CRFN,20100623,3.05,3.08,2.95,2.95,2.95,500
CRIC,20100623,8.59,8.88,8.59,8.83,8.83,170612
CRIS,20100623,1.57,1.61,1.51,1.57,1.57,1000217
CRME,20100623,7.96,8.3,7.9,8.23,8.23,112917
CRMT,20100623,24.22,24.45,23.85,24.4,24.4,39310
CRNT,20100623,8.09,8.1,7.77,7.94,7.94,244387
CROX,20100623,11.34,11.49,10.59,11.34,11.34,3119305
CRRC,20100623,13.46,13.66,13.32,13.4399,13.4399,25027
CRTP,20100623,3.35,3.58,3.35,3.51,3.51,22321
CRTX,20100623,6.05,6.15,6.05,6.14,6.14,25844
CRUS,20100623,17.7,17.7,16.62,17.14,17.14,8473269
CRVL,20100623,35.28,35.82,34.84,35.62,35.62,16665
CRWN,20100623,1.74,1.84,1.74,1.75,1.75,16948
CRWS,20100623,4.2399,4.25,4.22,4.23,4.23,4800
CRXL,20100623,19.16,19.35,19.03,19.19,19.19,64860
CRXX,20100623,1.45,1.4902,1.41,1.47,1.47,726126
CRYP,20100623,2.17,2.17,1.99,2.04,2.04,174575
CRZO,20100623,17.4,17.6,16.79,17.16,17.16,566285
CSBC,20100623,5.75,5.85,5.6,5.84,5.84,8741
CSBK,20100623,8.84,9.1,8.84,9.02,9.02,12713
CSCD,20100623,4.82,4.82,4.58,4.75,4.75,2500
CSCO,20100623,23.11,23.14,22.64,22.86,22.86,54088268
CSCX,20100623,1.2,1.31,1.2,1.21,1.21,83285
CSFL,20100623,10.7,10.89,10.58,10.62,10.62,59588
CSGP,20100623,40.33,40.64,39.85,40.24,40.24,46926
CSGS,20100623,19.49,19.74,19.2,19.21,19.21,177900
CSHB,20100623,1.33,1.33,1.33,1.33,1.33,100
CSII,20100623,4.73,5.03,4.73,4.97,4.97,32267
CSIQ,20100623,11.35,11.39,10.63,11.1,11.1,1211391
CSKI,20100623,11.72,11.8499,11.29,11.38,11.38,135544
CSNT,20100623,1.1,1.3,1.1,1.13,1.13,22380
CSPI,20100623,4.22,4.22,4.2,4.22,4.22,1105
CSTR,20100623,47.07,47.95,46.02,47.08,47.08,1180509
CSUN,20100623,3.91,3.98,3.71,3.84,3.84,303267
CSWC,20100623,86.41,86.41,84.69,84.79,84.79,5795
CTAS,20100623,25.29,25.51,25.06,25.23,25.23,971396
CTBC,20100623,6,6,6,6,6,0
CTBI,20100623,25.25,25.45,25.15,25.25,25.25,27347
CTCH,20100623,3.2601,3.3,3.26,3.27,3.27,7449
CTCM,20100623,15.74,16.06,15.6,15.79,15.79,1296770
CTCT,20100623,22.39,22.73,22.035,22.35,22.35,309952
CTDC,20100623,2.71,2.76,2.68,2.68,2.68,3100
CTEL,20100623,12.77,12.86,12.11,12.41,12.41,94941
CTFO,20100623,6.17,6.3,5.91,5.92,5.92,115097
CTGX,20100623,7.36,7.56,7.28,7.51,7.51,25467
CTHR,20100623,2.9,2.9499,2.85,2.88,2.88,15744
CTIB,20100623,6.97,7.31,6.97,7.16,7.16,10298
CTIC,20100623,0.4501,0.458,0.4255,0.4343,0.4343,4613437
CTRN,20100623,33.52,33.7769,32.6,33.06,33.06,206065
CTRP,20100623,44.97,45.1,42.86,44.81,44.81,1915204
CTSH,20100623,52.53,52.78,51.77,52.2,52.2,2753695
CTWS,20100623,20.9,21.29,20.82,20.93,20.93,6610
CTXS,20100623,45.61,46.07,44.96,45.52,45.52,2146140
CU,20100623,25.93,26.23,25.84,26.2199,26.2199,1871
CUBA,20100623,6.11,6.136,6.05,6.1,6.1,26402
CUTR,20100623,9.44,9.63,9.42,9.5,9.5,19925
CVBF,20100623,10,10.04,9.71,9.79,9.79,678932
CVBK,20100623,1.61,1.7899,1.61,1.65,1.65,4106
CVCO,20100623,36.83,36.85,36.17,36.46,36.46,23568
CVCY,20100623,6.395,6.395,6.1,6.2,6.2,1470
CVGI,20100623,11.3,11.6,10.9,11.47,11.47,195516
CVGW,20100623,18.93,19.25,18.75,19.05,19.05,26162
CVLT,20100623,23.23,23.44,22.28,22.43,22.43,382525
CVLY,20100623,7.33,7.355,7.2,7.2,7.2,800
CVTI,20100623,7.38,7.38,7.15,7.3,7.3,40999
CVV,20100623,3.4,3.43,3.4,3.43,3.43,400
CVVT,20100623,9.16,9.32,8.95,9.26,9.26,139659
CWBC,20100623,2.65,2.65,2.65,2.65,2.65,400
CWBS,20100623,2.8,2.8,2.7,2.7,2.7,5214
CWCO,20100623,11.72,12.09,11.64,11.92,11.92,43942
CWEI,20100623,49.08,49.88,48.26,49.1,49.1,38730
CWLZ,20100623,3.78,3.82,3.25,3.57,3.57,186818
CWS,20100623,4.15,4.32,4.13,4.25,4.25,4194
CWST,20100623,3.95,4.15,3.91,4.05,4.05,97071
CWTR,20100623,3.75,3.83,3.59,3.7,3.7,1178518
CXDC,20100623,6.89,6.9999,6.89,6.9701,6.9701,20434
CXPO,20100623,2.59,2.71,2.56,2.61,2.61,275024
CY,20100623,11.3,11.48,11.15,11.27,11.27,2433639
CYAN,20100623,2.35,2.35,2.09,2.1,2.1,1300
CYBE,20100623,9.89,9.89,9.32,9.79,9.79,4299
CYBI,20100623,1.4753,1.54,1.42,1.431,1.431,15503
CYBS,20100623,25.55,25.6,25.54,25.55,25.55,2290227
CYBX,20100623,25.03,25.24,24.65,24.91,24.91,144595
CYCC,20100623,1.62,1.65,1.53,1.59,1.59,497908
CYCCP,20100623,3.72,3.72,3.7,3.7,3.7,300
CYDE,20100623,4.02,4.21,3.97,4.01,4.01,40120
CYMI,20100623,32.04,32.64,31.58,32.07,32.07,144003
CYNO,20100623,11.25,11.3,11.07,11.23,11.23,19790
CYOU,20100623,28.6,28.87,27.43,27.64,27.64,105245
CYPB,20100623,2.51,2.51,2.42,2.43,2.43,2777286
CYTK,20100623,2.62,2.69,2.59,2.59,2.59,144185
CYTR,20100623,0.84,0.86,0.8116,0.82,0.82,327575
CYTX,20100623,3.73,3.86,3.55,3.73,3.73,631673
CYTXW,20100623,2.35,2.4,2.3,2.35,2.35,209932
CZFC,20100623,6.2501,6.26,6.2501,6.26,6.26,497
CZNC,20100623,11.67,12.35,11.53,12.35,12.35,19695
CZWI,20100623,4.61,4.61,4.01,4.34,4.34,7213